100
499.40206 91.47356 460.55854
1377.06296 65.86 190.05
20.29745 34.74549 414.13961
9995.89410 1.30196 99979.72728
91.71594 1.76462 69.42399
9996.67636 1.44715 99981.05047
9992.54749 1.23956 99939.00613
9992.68971 1.45001 99982.94295
9994.64532 1.31194 99993.56314
9995.33747 1.43263 99986.76851
4729.0 70.0 979.0
1091.73252 15.44421 656.09352
1.03291 99.49224 99999.91210
346.2117 25.1626 902.82
4949.00000 2.00000 9898.00000
725.96758 14.27832 737.67026
7846.00000 2.00000 15692.00000
545.35210 62.44089 1001.95806
9992.49084 1.37971 99929.79629
3417.0 78.0 58716.0
1.03016 99.55142 99999.55222
9993.67312 1.47471 99968.62821
9994.10557 1.08200 99995.89964
582.33616 58.07948 201.97974
5455.0 94.0 38743.0
6481.00000 69.00000 7201.00000
306.60640 12.45094 620.63456
1.01279 99.87260 99999.95305
20.29955 34.75447 23.05014
288.80118 73.80672 749.954
1556.0 44.0 82171.0
9992.99231 1.22193 99915.62448
4999.0 32.0 564.0
9990.16612 1.11433 99966.27999
9992.26458 1.27022 99930.42889
9992.47725 1.40980 99970.36600
467.0 63.3167 100000.00
7475.00000 21.00000 7672.00000
5734.00000 8.00000 6163.00000
9998.37434 1.44224 99916.82519
9990.69246 1.03743 99920.60403
571.8 3.0 928.80
168.2 50.5377 360.15
5391.0 43.0 95000.0
9998.56166 1.06414 99921.03111
9997.50507 1.13193 99924.51562
583.931 40.1 371.1329
9997.38758 1.21981 99981.30932
196.42595 60.4 845.9505
1086.0 77.0 84524.0
741.511 20.56949 384.0
9993.54360 1.42228 99906.45228
9997.29234 1.44632 99921.72670
660.0 16.314 873.26717
9998.27674 1.15140 99910.27850
460.01851 59.66977 690.68020
36.13217 82.4063 309.438
5315.00000 68.00000 6139.00000
9997.81859 1.41305 99938.63956
486.12251 93.87881 4.94960
1206.00000 2.00000 2412.00000
9991.74271 1.02519 99912.71992
1177.88315 67.47284 399.69259
1404.82942 96.59168 442.74548
1045.06324 52.2 541.809
9992.88805 1.32537 99927.90466
5744.00000 2.00000 11488.00000
359.98080 19.37807 1014.53441
9996.98740 1.16362 99985.84101
228.9 41.760 821.8
183.0 66.0 66290.0
1124.66017 77.29683 133.85640
393.1 36.98994 35.895
1940.0 70.0 32046.0
190.39 40.7123 114.98
9996.78546 1.10765 99969.69171
9991.88779 1.12003 99980.78328
9998.74906 1.24523 99974.14053
9995.95689 1.17980 99944.93915
4933.0 61.0 81848.0
3648.0 3.0 28143.0
8076.0 46.0 80303.0
9994.42868 1.28709 99938.81657
9994.98456 1.45652 99970.71980
881.60891 64.91989 458.04672
1146.10669 69.92176 524.22051
25.46698 36.17784 1204.70591
1360.93887 11.09401 154.81539
9998.15510 1.20632 99915.21493
3241.0 13.0 29603.0
9996.15321 1.35833 99923.01380
123.278 86.46457 85.915
1.00436 99.97126 99999.06556
9995.11904 1.18225 99983.01968
918.21171 74.17111 265.48316
1.58608 62.32422 480.10461
1316.4771 100.00 761.0
9992.31961 1.23680 99913.90483
10000.00 29.984 849.0558
33.3 6.629 1050.0414
