100
1.08309 3.14978 1999.09954
490.36400 1.43249 1944.66440
491.19805 1.35605 1908.16562
239.62795 2.93052 48.68619
491.23242 1.31186 1923.83073
89.0 4.0 961.0
188.65 3.0 178.01007
78.0 1.0 1827.0
416.59959 2.06022 822.97508
112.15106 1.58974 338.72080
491.00000 4.00000 519.00000
158.16872 1.46090 582.49562
500.00000 3.49 481.84875
34.71799 2.0 1680.1
49.0 3.0 797.0
492.56136 1.44982 1951.64709
491.03275 1.33736 1921.28162
121.35 1.0 288.1
346.0 4.0 798.0
127.0 3.79402 858.2097
494.19495 1.41914 1969.28191
429.02447 1.33573 1797.51653
218.9421 3.2 1494.750
20.0 3.3614 1648.33799
407.61424 1.90967 1982.74835
426.7928 3.0 1.000
338.62622 2.03454 636.84760
382.4 3.21 1301.0
492.79176 4.0 129.0
275.00000 3.00000 298.00000
491.00802 1.18128 1966.68048
292.00000 4.00000 296.00000
494.76744 1.16829 1976.44977
249.00000 2.00000 498.00000
493.16755 2.26545 751.81233
453.0 1.0 92.0
491.44172 1.43873 1951.49151
172.12542 1.58262 31.28718
57.59194 3.39 118.0
1.08779 3.81406 1999.48691
497.84141 1.23773 1912.84469
1.08455 3.93180 1999.80606
492.90971 1.01554 1955.72680
68.087 2.1 2000.0000
327.95479 2.99795 110.45718
494.63485 3.56610 1558.04030
203.34783 1.69981 595.08164
494.48977 1.25544 1992.51534
1.00 1.67 1210.9
164.0 3.7 178.884
493.77279 1.22553 1921.63165
195.0 1.0 367.0
458.88122 1.67983 411.35520
494.69946 1.43072 1988.83286
1.06209 3.22930 1999.38251
495.15984 1.41362 1909.22903
431.00000 1.00000 474.00000
287.34607 3.02314 1884.90654
347.57395 2.22410 695.28702
463.11817 2.72719 1482.18097
368.03653 3.70287 629.84496
390.0 1.0 301.0
91.25 1.9960 286.3
368.91340 1.17948 3.29498
495.73003 1.26691 1938.93509
109.0 1.0 399.0
497.66380 1.00942 1901.76144
495.10499 1.43663 1988.03231
498.30593 1.33878 1926.97433
1.64297 3.88755 3.03829
494.49662 1.16750 1955.08046
232.93781 3.48167 1164.21275
491.87786 1.16037 1969.44495
495.81150 1.27083 1915.94966
492.97378 1.11376 1987.96850
9.5900 1.7476 1866.6
140.33179 1.381 544.38
491.37495 1.37145 1938.72809
497.76247 1.13828 1975.83381
383.0 3.0 1186.0
444.0 1.0 1845.0
264.00000 2.00000 528.00000
177.26756 1.83854 146.14498
497.81656 1.12210 1957.74422
421.0 4.0 278.0
42.0 1.0 168.0
222.0 3.6 784.7308
497.65194 1.39897 1982.73375
491.31255 1.38983 1944.20859
497.35043 1.45076 1974.77859
302.00000 2.00000 604.00000
495.01397 1.48538 1966.12459
256.6 1.14 1638.77706
495.71051 1.28438 1999.20336
393.0 2.0 427.0
313.00000 2.00000 626.00000
497.39262 1.26609 1959.10742
495.12657 1.15114 1985.63706
493.39497 1.27202 1982.00583
493.72220 1.01298 1986.91856
