50
2
0.1 0.9
0.4 0.7
10
0.35 0.42 0.92 0.71 0.55 0.66 0.78 0.22 0.84 0.53
0.47 0.01 0.29 0.75 0.81 0.26 0.32 0.04 0.12 0.58
10
0.52 0.05 0.10 0.33 0.91 0.27 0.46 0.61 0.97 0.85
0.07 0.25 0.58 0.49 0.70 0.98 0.23 0.74 0.64 0.11
10
0.35 0.90 0.97 0.28 0.62 0.87 0.45 0.93 0.23 0.20
0.22 0.29 0.44 0.08 0.64 0.41 0.83 0.40 0.13 0.76
10
0.34 0.41 0.12 0.69 0.22 0.62 0.56 0.97 0.88 0.09
0.53 0.28 0.81 0.44 0.91 0.59 0.72 0.38 0.50 0.31
10
0.86 0.55 0.52 0.79 0.62 0.69 0.97 0.72 0.83 0.45
0.10 0.17 0.14 0.24 0.38 0.31 0.41 0.34 0.21 0.03
2
0.1 0.4
0.5 0.9
3
0.62 0.50 0.46
0.92 0.79 0.96
4
0.95 0.29 0.90 0.57
0.86 0.62 0.71 0.48
10
0.43 0.33 0.12 0.19 0.40 0.14 0.16 0.03 0.02 0.38
0.76 0.98 0.97 0.59 0.50 0.71 0.88 0.78 0.64 0.81
1
0.2
0.8
10
0.28 0.81 0.06 0.18 0.60 0.37 0.45 0.75 0.86 0.44
0.10 0.02 0.20 0.09 0.15 0.99 0.27 0.03 0.11 0.56
10
0.35 0.70 0.09 0.91 0.22 0.17 0.39 0.04 0.87 0.30
0.83 0.13 0.57 0.26 0.43 0.52 0.78 0.74 0.65 0.61
10
0.46 0.74 0.69 0.56 0.54 0.28 0.92 0.31 0.82 0.90
0.95 0.67 0.72 0.85 0.97 0.15 0.05 0.36 0.21 0.10
3
0.20 0.53 0.77
0.23 0.33 0.03
10
0.23 0.18 0.20 0.50 0.03 0.36 0.06 0.45 0.98 0.77
0.64 0.27 0.14 0.47 0.09 0.52 0.02 0.83 0.74 0.95
10
0.39 0.43 0.29 0.18 0.04 0.68 0.96 0.71 0.89 0.07
0.79 0.25 0.61 0.36 0.50 0.93 0.14 0.21 0.57 0.46
10
0.91 0.31 0.66 0.71 0.11 0.32 0.63 0.53 0.51 0.98
0.89 0.19 0.41 0.22 0.18 0.62 0.21 0.29 0.35 0.47
10
0.51 0.92 0.58 0.45 0.62 0.28 0.90 0.66 0.43 0.02
0.73 0.26 0.40 0.63 0.88 0.30 0.47 0.06 0.74 0.57
10
0.12 0.20 0.28 0.04 0.32 0.24 0.48 0.92 0.64 0.76
0.96 0.80 0.44 0.08 0.56 0.36 0.40 0.84 0.72 0.88
5
0.15 0.91 0.29 0.96 0.47
0.58 0.93 0.53 0.64 0.04
10
0.27 0.43 0.11 0.32 0.14 0.30 0.16 0.38 0.46 0.35
0.54 0.97 0.65 0.49 0.73 0.57 0.76 0.51 0.89 0.70
4
0.84 0.59 0.06 0.03
0.22 0.28 0.12 0.44
10
0.08 0.67 0.56 0.73 0.02 0.12 0.79 0.17 0.98 0.04
0.58 0.23 0.15 0.60 0.50 0.40 0.44 0.94 0.29 0.46
10
0.74 0.93 0.97 0.83 0.44 0.66 0.63 0.45 0.75 0.61
0.24 0.33 0.07 0.29 0.16 0.38 0.08 0.36 0.20 0.12
10
0.44 0.45 0.43 0.35 0.94 0.56 0.01 0.99 0.10 0.09
0.74 0.25 0.81 0.28 0.58 0.02 0.64 0.07 0.30 0.84
10
0.84 0.08 0.19 0.78 0.81 0.32 0.16 0.22 0.03 0.35
0.62 0.46 0.65 0.57 0.89 0.54 0.43 0.68 0.59 0.11
10
0.27 0.83 0.92 0.08 0.54 0.88 0.31 0.96 0.77 0.60
0.10 0.94 0.79 0.04 0.37 0.56 0.65 0.62 0.58 0.48
10
0.89 0.77 0.66 0.80 0.82 0.91 0.76 0.85 0.79 0.95
0.05 0.31 0.59 0.09 0.41 0.57 0.10 0.23 0.51 0.40
7
0.91 0.65 0.48 0.04 0.70 0.13 0.22
0.87 0.83 0.61 0.39 0.35 0.57 0.78
10
0.08 0.23 0.74 0.96 0.65 0.26 0.27 0.48 0.61 0.03
0.68 0.38 0.18 0.15 0.07 0.35 0.12 0.73 0.89 0.72
10
0.33 0.77 0.95 0.31 0.15 0.59 0.67 0.62 0.69 0.18
0.26 0.74 0.54 0.36 0.41 0.97 0.44 0.38 0.72 0.05
10
0.18 0.40 0.56 0.74 0.90 0.30 0.98 0.24 0.96 0.78
0.32 0.38 0.68 0.72 0.70 0.48 0.28 0.84 0.76 0.64
10
0.10 0.31 0.73 0.90 0.59 0.05 0.60 0.04 0.09 0.58
0.88 0.78 0.62 0.14 0.85 0.35 0.13 0.76 0.42 0.40
7
0.48 0.52 0.13 0.83 0.29 0.12 0.19
0.33 0.50 0.63 0.02 0.35 0.81 0.08
7
0.54 0.51 0.63 0.68 0.85 0.53 0.86
0.34 0.42 0.31 0.29 0.37 0.15 0.17
5
0.02 0.72 0.64 0.43 0.47
0.28 0.09 0.91 0.94 0.60
10
0.140 0.246 0.974 0.465 0.474 0.211 0.921 0.737 0.281 0.746
0.596 0.772 0.763 0.649 0.421 0.482 0.070 0.132 0.175 0.754
6
0.43 0.21 0.50 0.86 0.79 0.64
0.29 0.36 0.57 0.71 0.14 0.07
5
0.03 0.79 0.52 0.58 0.82
0.85 0.70 0.42 0.55 0.61
10
0.82 0.73 0.55 0.91 0.59 0.77 0.64 0.86 0.95 0.68
0.50 0.14 0.41 0.09 0.23 0.36 0.45 0.27 0.05 0.18
10
0.67 0.61 0.57 0.59 0.72 0.80 0.89 0.65 0.78 0.76
0.30 0.20 0.41 0.46 0.35 0.48 0.54 0.24 0.22 0.15
2
0.58 0.83
0.42 0.50
3
0.55 0.52 0.17
0.34 0.66 0.69
1
0.18
0.91
4
0.44 0.30 0.07 0.33
0.47 0.56 0.49 0.60
10
0.89 0.59 0.84 0.52 0.70 0.78 0.94 0.86 0.54 0.87
0.25 0.08 0.03 0.29 0.51 0.44 0.46 0.48 0.06 0.10
10
0.08 0.79 0.46 0.71 0.31 0.02 0.65 0.76 0.66 0.58
0.24 0.72 0.80 0.27 0.35 0.93 0.38 0.14 0.64 0.33
10
0.54 0.35 0.87 0.22 0.30 0.33 0.59 0.24 0.76 0.06
0.89 0.63 0.07 0.39 0.83 0.56 0.15 0.20 0.65 0.98
1
0.2
0.6
