100
3
1
13
14
13
2
1
14
15
2
2
25 85
49 8
7
8
8 17 20 22 10 11 2 6
7 4 61 52 73 51 75 2
2 4 60 1 4 1 75 5
1 98 90 6 2 67 70 10
9 94 4 10 4 80 4 7
9 86 95 96 83 80 4 3
5 5 6 15 12 4 11 8
8
10
37 91 88 9 69 23 76 37 91 86
100 23 1 43 36 82 59 8 48 17
56 15 55 14 58 24 86 90 47 76
44 94 38 78 75 87 23 46 95 79
96 47 2 8 25 89 31 77 93 91
94 42 39 61 74 30 90 44 99 16
20 58 45 21 87 9 77 46 62 24
51 37 52 67 39 41 74 56 48 94
1
1
14
1
1
2
3
1
12
14
15
2
1
15
13
3
3
12 14 13
13 15 13
14 14 15
3
2
14 15
14 14
15 15
1
2
15 14
2
2
24 68
42 10
9
9
8 3 10 1 5 4 6 9 6
3 11 6 4 13 15 21 13 22
10 11 11 10 12 5 5 6 38
2 5 11 3 79 54 11 15 28
3 12 12 80 7 50 96 12 4
3 90 3 63 53 8 1 2 3
2 92 7 1 12 10 6 3 4
1 12 13 14 12 1 6 6 4
11 3 10 8 2 2 5 2 6
10
10
78 52 65 76 61 50 99 88 63 66
95 84 86 86 74 65 79 66 53 82
61 55 82 55 100 65 87 85 54 70
90 85 83 51 99 81 81 71 63 68
97 61 56 61 53 83 83 58 76 58
84 100 66 76 76 56 95 71 75 100
60 62 91 88 74 91 70 83 66 94
72 53 93 89 89 51 61 93 75 65
71 96 63 64 92 57 70 80 77 91
96 90 92 72 58 68 87 96 76 70
2
3
8 7 14
15 4 9
2
2
41 71
5 79
10
10
14 14 12 13 13 15 15 14 13 15
13 14 13 14 15 12 13 14 14 13
14 13 14 14 15 13 15 13 14 12
15 12 13 15 13 15 13 15 15 14
12 13 15 13 15 12 14 13 13 12
15 15 15 14 15 14 12 13 13 13
12 13 14 12 13 14 12 14 12 12
15 15 13 14 15 15 14 13 12 12
12 12 13 15 13 13 15 13 15 14
15 15 15 15 14 12 14 12 13 12
2
3
12 12 12
12 12 12
3
2
15 15
13 15
14 13
1
3
15 15 15
2
2
22 2
16 94
2
2
12 12
12 12
10
8
76 9 69 61 75 77 16 56
79 46 49 73 40 65 43 33
65 64 12 86 25 12 16 91
50 78 92 55 38 36 64 15
18 13 64 74 73 17 19 75
6 69 36 8 16 62 56 1
28 15 6 42 64 33 6 51
57 23 40 12 4 95 21 96
57 93 45 33 77 55 41 9
44 72 22 97 17 24 21 49
9
9
2 6 7 4 11 6 9 11 6
2 3 2 11 12 12 12 12 6
6 2 5 9 12 2 6 12 10
8 5 6 1 12 1 5 12 7
2 12 12 12 12 12 12 12 8
3 12 4 7 12 2 2 2 1
2 12 6 4 12 9 9 3 5
6 12 12 12 12 11 1 7 10
3 9 1 8 5 10 7 9 11
1
1
76
2
2
4 22
68 4
10
10
12 12 12 12 12 12 12 12 12 12
12 12 12 12 12 12 12 12 12 12
12 12 12 12 12 12 12 12 12 12
12 12 12 12 12 12 12 12 12 12
12 12 12 12 12 12 12 12 12 12
12 12 12 12 12 12 12 12 12 12
12 12 12 12 12 12 12 12 12 12
12 12 12 12 12 12 12 12 12 12
12 12 12 12 12 12 12 12 12 12
12 12 12 12 12 12 12 12 12 12
2
2
14 19
20 12
2
3
13 14 15
54 72 12
2
3
13 14 15
75 95 13
2
2
17 6
17 50
10
8
11 100 100 100 97 100 90 98
7 91 7 15 1 1 6 96
10 93 96 6 10 4 93 94
14 9 94 6 99 96 95 2
7 9 91 5 91 11 15 10
6 97 91 13 92 90 93 12
13 98 3 13 14 11 90 6
8 100 100 8 3 95 95 13
5 2 93 100 90 97 10 10
2 9 4 11 13 15 1 1
1
3
12 12 12
3
1
12
12
12
10
10
44 36 27 20 44 30 26 28 24 39
29 42 45 50 27 40 27 45 49 22
40 45 40 35 40 39 31 42 37 23
43 21 21 34 30 21 47 21 36 31
35 33 26 43 28 23 47 41 41 44
30 39 30 38 40 33 36 30 23 42
27 32 23 47 42 34 29 27 41 26
43 34 39 47 25 47 27 43 24 20
25 42 23 30 46 37 30 46 36 29
46 30 50 35 48 32 39 25 29 40
3
4
72 63 28 57
14 29 1 84
87 86 14 26
2
2
43 93
10 75
10
10
12 14 12 12 12 13 15 12 14 13
12 14 13 15 15 15 15 13 14 12
15 12 14 13 15 15 15 14 13 13
15 12 14 12 13 13 12 15 13 12
15 12 14 15 14 13 15 14 12 13
12 13 12 14 12 12 12 13 13 15
13 12 15 12 12 12 13 15 12 13
13 14 14 14 12 13 15 13 15 15
12 15 15 14 14 13 12 14 13 12
12 15 15 14 12 15 15 12 15 14
2
2
8 20
17 12
2
2
10 12
15 17
2
2
12 15
12 15
3
3
12 12 12
12 12 12
12 12 12
1
1
1
2
2
27 45
36 54
7
8
10 19 16 19 3 1 9 11
4 5 77 89 84 80 62 6
3 6 50 6 9 9 60 3
1 60 56 8 9 68 89 7
3 73 7 2 10 62 11 9
7 77 65 78 60 98 3 11
2 4 9 13 12 10 10 4
10
10
99 99 99 99 99 99 99 99 99 99
3 3 3 3 3 3 3 3 3 99
99 99 99 99 99 99 99 99 99 99
99 3 3 3 3 3 3 3 3 3
99 99 99 99 99 99 99 99 99 99
3 3 3 3 3 3 3 3 3 99
99 99 99 99 99 99 99 99 99 99
99 3 3 3 3 3 3 3 3 3
99 99 99 99 99 99 99 99 99 99
3 3 3 3 3 3 3 3 3 99
2
2
1 18
17 12
2
3
12 13 15
60 7 12
1
1
12
9
9
6 3 6 7 11 3 9 11 10
11 2 4 8 14 12 19 14 18
11 4 5 11 12 7 10 12 39
9 7 11 7 74 61 8 12 50
11 12 12 64 11 59 90 12 11
11 92 5 64 52 10 5 3 4
5 98 6 7 12 11 11 10 1
9 12 14 14 12 8 8 7 11
1 9 4 10 6 6 10 6 1
3
1
12
12
12
1
2
12 12
2
2
6 12
22 22
2
3
12 12 12
12 12 12
9
9
1 6 11 9 11 7 6 2 7
5 2 4 6 12 15 16 13 15
3 8 4 11 12 11 1 8 47
2 6 7 7 83 98 3 12 50
6 12 12 66 8 61 99 12 2
10 94 1 66 100 4 1 9 5
7 94 7 9 12 4 8 8 3
6 12 15 15 12 2 5 6 8
2 4 7 2 5 2 6 9 8
3
3
15 14 12
13 15 12
14 13 14
3
4
95 67 37 80
82 40 81 100
97 52 77 91
2
2
12 12
12 12
10
8
11 100 96 94 95 100 94 92
2 90 7 12 11 1 4 99
9 95 95 6 11 4 94 92
12 5 100 3 100 92 91 1
6 11 98 11 94 10 12 5
4 90 90 13 96 92 96 12
12 92 7 13 15 3 92 3
9 93 99 8 7 90 92 15
9 2 97 93 91 98 2 3
5 8 1 4 14 13 5 4
1
1
90
2
3
79 7 14
52 73 4
2
3
15 14 14
13 12 15
10
8
24 45 61 42 25 83 74 31
79 30 86 6 41 49 81 56
12 48 12 20 97 75 6 17
90 1 73 38 15 68 13 40
79 66 81 43 98 5 57 14
11 40 12 59 88 26 36 39
48 50 15 22 16 76 49 99
70 94 79 97 13 14 95 25
32 51 28 13 17 62 62 45
21 87 88 20 72 70 92 41
2
3
15 13 14
82 1 12
10
10
53 72 81 59 50 66 84 88 90 68
53 58 84 86 53 81 86 80 80 74
63 93 53 83 71 77 55 62 96 95
53 51 77 98 99 70 68 55 95 97
66 59 58 61 85 56 58 50 95 95
91 78 68 82 53 52 54 72 50 53
55 74 68 71 50 55 98 71 74 91
96 64 50 66 99 81 66 68 83 71
75 77 89 64 94 61 62 72 96 67
89 63 57 65 78 93 56 99 56 82
10
10
12 12 12 12 12 12 12 12 12 12
12 12 12 12 12 12 12 12 12 12
12 12 12 12 12 12 12 12 12 12
12 12 12 12 12 12 12 12 12 12
12 12 12 12 12 12 12 12 12 12
12 12 12 12 12 12 12 12 12 12
12 12 12 12 12 12 12 12 12 12
12 12 12 12 12 12 12 12 12 12
12 12 12 12 12 12 12 12 12 12
12 12 12 12 12 12 12 12 12 12
2
2
12 12
14 13
3
3
12 12 12
12 12 12
12 12 12
1
3
15 15 14
1
1
2
2
1
12
12
9
9
6 9 4 4 6 11 11 4 1
9 1 2 5 12 12 12 12 6
1 7 11 4 12 3 9 12 11
3 3 1 8 12 3 9 12 5
11 12 12 12 12 12 12 12 6
7 12 1 9 12 4 5 10 5
9 12 3 8 12 4 9 8 8
9 12 12 12 12 7 6 3 10
5 2 5 3 3 2 1 11 8
2
3
12 12 12
12 12 12
2
2
14 18
19 12
2
3
86 2 51
65 15 7
3
2
12 12
12 12
12 12
2
3
90 1 13
51 54 4
1
2
12 12
3
4
96 21 83 95
20 20 24 33
56 13 86 86
1
3
12 12 12
3
2
12 12
12 12
12 12
9
9
5 11 8 1 9 2 7 9 7
2 4 7 5 15 14 16 14 22
8 4 2 10 12 1 5 12 36
3 5 10 2 53 71 8 12 20
6 12 12 67 8 96 99 12 1
7 95 6 97 73 8 8 7 10
6 90 5 10 12 9 3 3 2
4 12 15 15 12 2 5 7 3
7 7 5 2 5 10 9 8 2
1
2
12 14
3
4
89 23 98 31
71 3 8 27
62 1 35 58
1
1
15
1
1
12
2
1
12
12
2
3
12 13 15
12 14 13
2
3
7 6 15
15 7 9
10
10
25 24 50 21 29 44 27 29 30 27
45 48 48 26 20 47 24 43 41 39
33 50 26 48 29 32 37 23 46 32
23 20 39 30 39 34 47 30 32 39
38 48 45 28 28 46 29 22 29 29
36 22 32 20 42 30 30 43 43 23
41 36 50 25 32 48 23 32 26 31
43 28 45 33 30 27 36 24 21 36
27 20 31 23 21 25 21 31 30 30
36 31 37 40 50 20 43 49 38 45
2
3
58 8 94
100 12 2
2
2
35 28
45 98
8
10
61 77 6 41 98 27 50 72 64 80
96 31 35 62 17 44 76 72 92 38
68 14 69 45 23 70 58 64 76 36
57 72 40 12 81 86 5 2 54 14
22 67 50 4 8 79 12 24 59 99
60 15 33 81 88 31 46 98 83 2
76 35 98 73 74 3 78 13 88 42
11 43 38 71 84 51 52 93 47 66
1
1
9
3
3
12 12 12
12 12 12
12 12 12
3
3
12 12 12
12 12 12
12 12 12
2
3
12 12 12
12 12 12
2
2
8 18
99 7
3
4
68 88 20 50
78 44 65 97
95 86 91 63
